MrsNoggin	411599;109628;551094;540142;396808;3817609;426854;828942;4831541;3532880;520775;2368874;1892094;401961;662044;317878;438745;530162;1073832;361084;393688;304632;4433063;3355412;777173;750377;381185;3254972;270081;268811;434332;413306;1581134;1144642;285840;1493935;364739;1053487;2619716;302348;314102;293232;391599;441442;643340;401626;351786;616746;3127124;439460
Mewillia	9651719;6030703;8141059;9074386;3341162;10993428;8428507;8729386;8546104;16595354;6015883;6409654;8576425;18076109;6584314;11384292;11055354;7874188;8615512;7123282;12808824;6912172;11403627;14826038;13928682;8574727;1892094;7188227;9629429;5569438;16396661;4433063;2106210;8009533;7896619;7358929;12868785;12944949;13414524;7766836;4651146;11237757;5953900;845273;10452903;3777376;5483942;6829822;11865690;8582248
MicrowavingMarshmallows	1500191;4573473;3519683;6914068;1543403;1433230;771491;4521162;982678;3709507;3440921;4181493;7059361;997455;6894469;4059232;1010906;4408676;1431217;1050769;7166972;1752638;6948331;5592727;7035076;3456710;764416;1692041;8271254;1440232;732536;317878;906758;3723433;515016;2092392;533227;4219290;1617737;5093456;448050;7861807;5339822;8051815;1239979;2026827;870860;2016438;1704596;697711
Sashka_The_Spy	1704596;4433063;1497430;4806749;3341162;2505551;8880646;2500736;13414524;1533986;3723433;4064119;2192661;4285197;8615512;1889694;3130037;589332;5076952;2560157;3681648;2617406;2262255;5508173;13554312;784688;3456710;1581134;1892094;2533973;2121336;6015883;6912172;732536;5279723;2500892;5953900;5339822;3921295;1144642;1752638;3870733;3210581;2518694;3551444;3788446;1727840;8729386;1744628;2347790
emma78	562078;547763;934375;494224;409520;949597;289452;870860;945951;443962;437794;286050;397785;749512;656488;362295;580804;730488;848364;465424;389598;363949;2505758;391599;268312;462561;370346;958225;558575;1018959;652230;463849;381185;401961;551094;344082;411599;2743259;882176;984883;390219;433823;525371;1033430;559221;606836;750377;290320;422214;1155554
clumsymusican	533227;670993;5144936;317878;1696946;1692041;1975305;1543403;2785958;771491;1029557;515016;2264937;3447959;1466107;4196274;490350;2214561;2150154;6407713;2057796;2026827;3519683;1123047;562412;1181431;6003271;448050;1190823;3696803;231335;764416;4390772;284475;531466;5754022;3855538;3543680;850883;5235068;4219290;1500191;4366331;5592727;982678;1022116;7151066;2538674;1933428;1303822
FriedChickenNisha	5761291;530162;5964175;5204642;8538199;2346869;662044;7110997;2903630;13165461;17344631;2577506;401626;16771753;8717908;4221948;411599;15934673;5444717;11905683;1876641;4665666;13539849;4285857;2368874;16634945;17846375;3731302;3355412;811441;1952436;12608008;5598010;8540626;11926287;689528;393688;540142;8738446;3817609;109628;14283357;1101999;2306576;2745788;2774267;8540494;643340;7215922;3261773
ChrysosArgentum	5807488;7833925;357714;887344;476291;4624467;346736;8044639;6066694;420398;5296850;424771;13026732;3602877;5647564;9553670;13061922;14352744;6756136;2697560;373529;514127;5183057;518534;3120878;5143628;5363684;4146378;1037081;5096933;698460;15201332;8323411;9401156;12039147;14727342;1034803;6987841;5168867;8032276;12735828;14632650;17143313;4494027;363041;13361469;10920276;2766566;435799;12987438
Silver_angelfox	13454583;9570653;12964401;11687061;7684219;11078946;12039147;13408638;11985126;11478408;10985403;16465643;12740580;18322112;11241852;11322111;14776007;7986607;16994739;10953375;13466619;14538489;12860565;13808895;15684198;14515587;12917295;16953933;17293931;10797096;11505306;16035110;17067113;17965217;11484015;19076542;15621972;12097137;10572177;13102035;12597200;10920276;11575662;21347236;12786018;10608267;8106163;11652006;11536488;11536776
Potterless12	7474809;11104845;8085673;3824536;7759798;11971608;8804272;7980853;11861055;19268080;6437668;5798977;18261035;9631811;16164218;17834099;10829280;12345999;16009475;18694579;12422910;14999948;4639923;8114863;13489332;8133439;7422865;10418499;17781389;12502380;10727247;14207094;7086865;7949614;13871154;15914997;11046375;11294889;7422988;7394815;18865396;10329185;7353403;10860675;4744337;13968897;7678654;11214498;10957188;5740273
AngelwithMooseandSquirrel	15952844;15186398;17868323;16863178;16660159;15397608;16311455;13343310;14512944;17418701;15540699;18291839;15885396;14795183;17593775;15732231;15742707;15392868;14727545;18554461;17923709;15532461;16024268;17076755;18115937;18194099;18982813;12448572;13814664;15898122;17157551;17565155;15840945;15886749;16028117;15716466;16368275;17606027;16106933;18074675;15185423;16992453;15681438;15992438;19835743;15850722;15059984;17541443;18521035;15277443
Juulna	7188698;5489327;6314905;5464376;8091886;13841301;7071532;4187415;12966087;5855923;5964175;777173;3841261;6028375;4788464;15268041;16771753;4409729;2130477;8631502;6840778;3245423;8812936;4724297;11657343;17817479;14344197;7790137;6021727;3782125;11463501;1043794;16555685;10939701;11124243;6408202;8975281;5721355;11698548;15393336;6224899;314168;7004545;7838281;18107000;14995073;5496287;6425053;16876644;6845182
Mitsuky	12039147;13279728;8106163;5363684;5150753;10920276;413198;1163358;13997580;767515;603307;2765168;16610933;11322111;9908918;2492243;11722176;4227792;413357;18165320;589367;1965432;1948845;13361469;14979077;14744303;1981752;2766875;15345015;6578206;4030747;415181;424181;10567227;544088;3237650;414415;4961524;7423174;8192134;448088;10633422;5183057;12841461;985797;16654747;11498361;7944364;7580002;2017911
xxsnailxx	4275582;12837867;5807488;790194;465339;1034803;419550;424771;2095959;4076551;2697560;942576;12867669;357714;3260612;514127;4624467;3120878;213786;2556953;566228;1842742;809878;373529;5168867;887344;7505179;761571;446571;1037081;476291;399661;7833925;12957381;431422;4875187;974164;961659;346736;14689596;420398;12631455;1036957;433464;14352744;1246921;453030;5183057;814213;1658957
Jeeun	16586624;15684198;16531151;9570653;16465643;18322112;14776007;11687061;13454583;21433168;17545268;12964401;12860565;11078946;17293931;12098352;13307511;13148322;21347236;15523485;12039147;13466619;11241852;15492474;13808895;19076542;11478408;20143174;14903070;19191925;15260064;7684219;16994739;18158087;19018297;15675888;21354607;10797096;10572177;21486391;14299578;17067113;17954354;13408638;16953933;14515587;16914366;13102035;11985126;7986607
anger_ieJ9	3551444;3331688;4086358;2560157;2617208;6015883;4433063;4445123;2082951;3509063;2505551;3435413;3921295;3637617;3913249;2500736;3570218;2495786;589332;4348271;2518694;9651719;1679630;1581134;2796749;2106210;4512384;1668068;2153814;3341162;2695790;2648582;3600837;2529287;845273;4285197;4651146;4480916;5152415;1892094;3122672;5279723;2652689;3514748;2145912;3480719;4925263;2010777;2395709;4208274
charlestonIguess	381185;389598;551094;461340;426854;777173;391599;536146;4478759;525371;5712631;411599;1704596;1752638;1425172;1609838;520752;401961;520775;4128856;571547;4831541;289452;904690;325839;562901;1055361;532379;750377;393688;3456710;828942;314102;1167543;408478;436193;4527333;1892094;790633;1781638;1699244;2763539;5329409;958225;4806749;3817609;662044;270081;5227217;870860
kessarin	4497936;5093456;6632965;7282129;4262046;11734389;5113310;4445000;1867683;4072180;4232937;5056588;11900241;11592432;3723433;5031016;745113;11620395;5366507;533227;12912708;3974116;4970101;5712631;3915508;4433063;391599;732536;11871867;11709699;3709507;9604463;12556424;2584364;2026827;5388563;8141192;461677;4803449;4831541;8590750;3388781;2508068;11613213;6545266;6612703;4955233;4791404;771491;4721882
Ravin	562078;730488;859545;1167523;581229;580804;365109;547763;749512;286050;1096884;1178580;949597;615429;1122678;606836;934375;656488;665432;715613;937368;392024;870860;707558;2184258;1155554;440364;437739;363949;655986;645882;969329;542878;1555067;711356;344082;1023980;409520;938564;514683;1244602;930057;839842;1033430;968921;816914;855337;2185590;882176;1673606
Heat_witch	14742719;15673719;11672691;13753611;14767736;15437271;15872067;16068317;13886259;15185423;14371257;14858997;15104549;16525016;11633874;15485148;16015241;17986175;15674718;15201425;14482992;16685083;13681833;14806889;14035851;15439899;11734389;11483073;12754392;15844737;15262752;14244258;14811968;16116290;14363904;14751077;15976850;15785469;15995465;12634773;17513495;17482958;14245083;15473424;11574894;15739209;16576583;16100030;16278680;13274073
InkedMind_InkedFingers	16992453;11592432;16523912;15130262;16854286;15995465;17286593;12634773;15872067;17482958;17913584;13735815;16929960;14486631;15952844;16595363;18074675;14112594;17986175;15186398;15038564;15065981;16893849;17145332;15897549;15578055;4554246;18115937;13886259;15732231;16065365;18739093;15545421;11734389;15673719;15185423;16073411;18291839;16287020;11877663;15785469;16193540;16115951;15992123;16685083;16975656;17280611;16116290;16576583;15430101
LadyLorairiesTheAssassin	5489327;3841261;5464376;8091886;5188154;6314905;4724297;777173;8334460;4187415;12966087;1043794;6028375;3265895;9606773;6840778;5813623;4984747;3127124;7071532;1824385;314168;5791156;8631502;2130477;5971312;6913009;2295017;5855923;2619716;6563293;3254972;6086413;6549109;6408202;5496287;5421863;5641282;6425053;3988828;5212490;4307727;7188698;6224899;6845182;7924915;8812936;1042467;3245423;5367665
DalekQueen7	6256720;5113310;5093456;3857530;4497936;3892789;4244211;3935185;3974947;4158951;4572492;4056835;4955233;4644702;3872620;4056706;3792481;4252344;8141192;10213718;7254094;4803449;5056588;6828880;4003888;5725873;7936447;4256067;6322309;4119985;6870751;3915508;4349531;12175863;4385534;7282129;6670525;6632965;6612703;4519992;5823346;5345615;14114553;3837355;5769787;4059655;4262046;4270086;4445000;4660350
SmanthaNightwolf1324	5489327;12966087;8631502;6314905;8091886;3841261;7188698;7838281;5464376;9606773;11124243;5855923;6913009;8334460;6224899;4724297;5188154;4187415;7071532;6840778;6028375;4984747;5159573;3782125;8812936;7924915;3265895;9108418;5496287;777173;3254972;11651820;2295017;17709152;9357737;7433742;5511617;7230829;7511366;13373289;1042467;4307727;5457311;5089157;314168;4356632;8540818;6016807;5971312;2130477
Angst_BuriTTo	2641775;589332;13414524;10659162;6030703;4806749;10445910;5373887;7833949;6652381;11341023;6463471;1892094;9527897;13554312;13928682;12059790;12823671;14826038;1744628;8685790;10588482;11288223;4470506;8435119;9436565;2664137;6912172;6829822;11522949;1752638;2617406;8615512;5373050;8546104;2081859;13640571;9656900;11134029;6763096;10581201;2138808;17099468;16280078;14772824;1144642;7550383;8346277;6015883;7262050
wyndsung	5964175;16771753;4221948;19240411;109628;16876644;14852309;3817609;1852120;2156475;5464376;13594284;16967127;14062380;4364696;3841261;13836897;12383565;8091886;10231409;16432361;16624619;16634945;5496287;551094;16335944;272086;5487035;13442571;13522539;12778365;434332;12966087;16766233;750377;7188698;10431150;17458694;391599;2903630;3254972;15357168;6840778;2097654;18388571;13165461;411599;4831541;1043794;13567785
TiredEntity	5363684;5183057;2765168;4624467;5150753;5168867;5807488;15345015;942576;2188188;12039147;7423174;11513319;5143628;16610933;9277346;3602877;698460;13279728;1037081;10557176;809878;1948845;1074060;5296850;13361469;13179924;524070;544088;10920276;16377041;7833925;13997580;6066694;14744303;2573942;18564727;9553670;8009914;2509364;14358165;2492243;7725712;5608504;13176033;12841461;8676523;1297639;8323411;10293020
GeneralLeia	393688;2368874;109628;411599;3254972;9357737;7110997;530162;3782125;662044;1436734;2306576;11478408;5598010;551094;5159573;5761291;8717908;285840;3355412;6314905;3841261;396808;426854;1876641;5464376;689528;13841301;4831541;401626;302348;828942;288703;413306;255831;8091886;484685;750377;11241852;373181;431715;314524;5451815;3817609;11046240;539536;361084;1101999;268811;380087
Dardrian_Breynt	462561;1699244;562078;1053487;1892094;1112438;870860;545242;3456710;520775;3817609;532379;1253587;437794;1704596;784688;289452;414889;427806;540142;6579205;520752;389598;732536;4128856;1752638;580804;525371;930057;401961;370346;5413301;443962;417286;1560467;381185;391599;3713422;1797448;790633;494224;467543;547763;1497430;455979;399938;5024848;2202087;551094;417073
xlyracharlottex	2662769;3709507;3543680;3696803;4574838;4015399;4096030;4245780;4105504;1692041;5025871;3451598;3447959;4130077;1715504;2132889;3874786;6407713;3160361;6652609;6430348;2015277;6216604;3267716;1835587;2589200;2264937;4158639;1684328;6504685;1933428;6011794;5289413;5301980;3453593;2106027;3397985;3432155;6169696;5235068;3459584;537268;2150154;1849108;5322107;6343612;2214561;2057796;6434347;5226905
the_anonymous_one	7904347;8837731;8346277;13414524;9656900;9436565;12756408;8560012;8900623;8615512;7562716;5373887;6652381;10804767;14826038;10445910;7358929;8880646;12059790;7756915;3921295;9527897;13554312;11341023;4470506;11114742;8446840;7657249;6912172;2756942;6772495;14425353;4086358;16280078;5953900;8685790;15572856;8140609;589332;7608292;11323359;13640571;3570218;7626166;1892094;11288223;5279723;3297599;13713840;2500736
radiho	8091886;9096289;5721355;13841301;11877663;9357737;3245423;7188698;8975281;5464376;5511617;6314905;7004545;6028375;6239431;9215804;12469456;5489327;3354455;6840778;5964175;4187415;12966087;4788464;4356632;4527333;6741052;5598010;5701948;5159573;11085837;8631502;4724297;9210737;17817479;6021727;11124243;10538082;8246320;3782125;6425053;8334460;5855923;11046240;7838281;8738446;10913913;7050583;16771753;18388571
maudlinsarcasma	4574838;9303032;6407713;5238410;4096030;1975305;5144936;6434347;5021827;4366331;7230385;2264937;1696946;3543680;3855538;764416;4245780;5754022;11422344;533227;6292690;4846088;317878;7200314;4196274;10144034;2785958;670993;6712870;4015399;3696803;6003271;6061309;2150154;2393156;2026827;1431217;11533779;2538674;2790410;1802551;7624258;7031278;3447959;2057796;2214561;1239979;9616631;6321178;1190823
razz	777173;389598;411599;2368874;750377;828942;6314905;7188698;396808;6028375;3532880;8091886;381185;6239431;285840;5598010;4356632;109628;3817609;539219;4527333;540142;5464376;7004545;1113925;5855923;3254972;369757;662044;536146;1852120;5721355;613489;5204642;562078;551094;304632;391599;3354455;426854;5159573;8975281;5613874;12912708;632488;3841261;314168;2903630;824001;3245423
LeGC	606692;12912708;5712631;5093456;10608267;9570653;13808895;10920276;6468889;3925072;5366507;10572177;423051;5113310;8106163;6256720;12039147;11985126;411599;391599;808037;366745;3915508;2508068;413357;1167543;11046240;3806449;8478598;1609838;4799096;436193;14588067;1867683;10799406;659152;539219;11322111;3709507;2140491;1668659;4955233;3887044;829851;3782125;13307511;381185;4244211;11691279;10426284
Enailuj	419550;12837867;790194;15814020;465339;13561515;14606424;4275582;5573521;761571;10920276;7505179;12811470;12957381;1034803;4076551;12867669;2095959;5032462;1077263;14347620;14689596;14354049;213786;1025611;2838779;346392;446571;3364859;430879;974164;5107094;4321158;447418;1970511;961659;13546542;1842742;1064979;6569704;5410643;15267873;13054515;14441415;15127265;3194765;953430;470291;547837;860748
74days	1889694;1497430;1668068;1671773;1533116;422076;1744628;922826;2617208;1892094;1440232;1133398;1759227;845273;2106210;1533986;1656575;1557569;2505551;2138808;3341162;1800088;1432078;2495786;2079267;2114214;2010777;2192661;437007;1591178;2732783;1727840;661371;3551444;1704596;1581134;784688;2694713;2040726;2500892;1680566;1717166;1933773;1759139;2500736;2518694;667942;4433063;1649525;1721768
HanaXans	3551444;4433063;2495786;2500736;4208274;4086358;5483942;2505551;3341162;3570218;3186191;2796749;1889694;2106210;2010777;2533973;4512384;3913249;1892094;4357538;1557569;1668068;3198119;2702966;3600837;1497430;3523880;3609741;1440232;3946081;2718296;3434786;3723433;1144642;5146940;2756942;3297599;3921295;2529287;1704596;3514748;2575442;2114214;2695790;2538716;4285197;3331688;5279723;5132753;3970966
SvG325	5227217;4433063;5417660;3532880;4478759;4831541;1752638;3456710;5329409;1609838;381185;389598;2763539;2508068;5712631;391599;401961;6893377;1704596;411599;520775;4806749;5413301;777173;3817609;540142;536146;1053487;3723433;461340;6912172;828942;525371;551094;12912708;1679630;3771769;589332;4128856;784688;4799096;5275091;5339822;6015883;1892094;289452;1167543;2130477;790633;5259485
Rokeon	364902;870860;637359;391599;401961;461340;289452;370346;1704596;520752;6579205;1012337;750377;1699244;317878;562078;536146;1028486;437794;732536;381185;520775;417073;414165;668769;2477432;312527;389598;469616;580634;326504;545242;1040826;427806;399938;477666;443962;450830;431347;525371;433823;632488;414889;5413301;1112438;462561;2680787;409520;404165;493113
squire_of_song	7833925;357714;8044639;9553670;476291;14352744;15201332;346736;13094598;5296850;5807488;13026732;12802656;14871353;420398;424771;518534;19310518;887344;14812304;435799;4624467;3120878;373529;17143313;13061922;5647564;2556953;13473198;3260612;3602877;12923163;9911309;2210448;2188941;8145365;814213;2697560;13026867;12735828;7881400;1707608;12863154;16339934;1071889;15862905;454490;21075419;11198580;657922
lilycxavier	1074060;476291;5150753;887344;3120878;942576;5168867;3260612;1038355;7833925;5183057;1398931;3340733;5143163;1037081;5296850;5363684;1470139;420398;2193336;4624467;2509364;663795;2188188;1297639;5807488;2765168;4227792;1017410;1690757;10920276;357714;983315;7362055;2774573;424771;809878;2697560;603307;8044639;2188941;2766566;524070;3440345;516232;4142739;9553670;2648906;997824;6066694
IrishBrkfstT	4478759;1704596;5259485;6579205;1759139;1889694;317878;1892094;3130037;1581335;3456710;1752638;4319715;3520175;1599293;1533986;1744628;4433063;4064119;732536;3978688;2680787;1028486;1762843;461340;1591619;533227;5339822;364902;1497430;6912172;6907378;1717166;2026827;2890913;5628790;520752;1699244;1053487;870860;562901;4806749;1018959;589332;1552562;1609838;3771769;4361948;1430413;2568470
alialialialiali	11507619;12039147;5089157;9588281;10812858;7956352;9357737;11196849;12098352;9718154;10985403;13336833;13390167;10389387;11687061;9653276;11691279;9374474;13102035;11386323;4957009;7433742;7230829;11241852;11824818;11478408;9570653;11078946;10652391;10572177;5489327;7684219;11657490;17321357;15684198;17545268;11322111;11046240;14778371;13403592;3782125;15835374;11623083;5381486;12097137;15679923;10797096;16465643;15492474;13348200
thathappyone207	7004545;7188698;3782125;5489327;8091886;6845182;11079528;9606773;3254972;8334460;6028375;7230829;8631502;6314905;12966087;8106163;5855923;4724297;4984747;6840778;6224899;11009652;8975281;4356632;5464376;3841261;5511617;7838281;11657490;9357737;11068743;5721355;7956352;10256714;11046240;5159573;5813623;10431150;11074404;11943465;9588281;9653276;11124243;6335284;3354455;6842383;4620063;11076240;9096289;11848317
Seablossom5	16771753;16043465;19077304;14764490;530162;17846375;12608008;14283357;21317443;3254972;5761291;411599;3128093;15934673;13539849;8717908;18960775;14408049;16103504;16634945;7110997;5964175;15150539;21004430;17344631;3782125;11905683;662044;14749085;16736478;15027899;5204642;13165461;16555685;15878700;18842962;12089076;8014291;15393336;4221948;14795750;109628;16876644;5159573;17946077;14813219;560642;19036411;18601483;16766233
alrqqq	381185;401961;808037;3782125;1425172;3935185;4056706;3892789;391599;450613;436193;648087;539219;545242;6256720;659152;4056835;462561;958225;5093456;413384;389598;652230;501106;399938;4232937;1030225;525371;571547;4955233;608473;1609838;5113310;4361411;633276;491817;1304998;433823;632488;289452;4152591;450830;1167543;3857530;750377;953538;5489327;520775;532379;536146
moljn	949597;1452739;581229;562078;1718672;1096884;934375;848364;494224;938527;730488;617000;2259831;1155554;2743259;2428184;1082282;749512;1697147;2505758;1023980;437794;1074395;1084437;2821871;2367281;1244602;625925;563671;1122678;286050;1178580;937368;2185590;855337;1117112;363949;859545;1555067;547763;749958;1999818;870860;1117527;385432;2684276;938564;645882;1270534;2048325
jlc_2007	15673719;15872067;11592432;18550441;15578055;11734389;14858997;13886259;18168692;15545421;20291734;15130262;16685083;14603874;15485148;18781330;19352809;14594346;17482958;18737161;14742719;17986175;15065981;18842041;12634773;19100212;20043109;12556424;17749199;14371257;18879205;15104549;17913584;15995465;15437271;14685344;16116290;18854524;14486631;11672691;18635455;12035949;16167185;11987034;16576583;19231708;15844737;16992453;20542940;13006116
HeavensHumming_Bird	5464376;13414524;4831541;4433063;6314905;6335284;5964175;8615512;6912172;6840778;5159573;777173;6028375;5855923;7188698;2500892;3841261;3782125;8631502;4788464;1752638;3532880;5489327;4221948;11053059;14772824;8091886;411599;2560157;4266441;3355412;2796749;2903630;13554312;1704596;2192661;2652689;551094;4527333;8880646;4356632;2368874;828942;369757;11905683;2619716;109628;4724297;7110997;8975281
Meshele	5144936;5021827;7230385;1975305;2150154;1588577;6407713;4574838;4366331;1005974;7662133;4196274;1999119;1012248;4015399;3696803;5289413;2214561;1190823;4245780;5754022;2393156;6434347;5372261;4846088;9303032;6321178;2828096;6003271;2790410;5647201;1589105;3711628;1848244;1835587;727113;8576572;1669649;1696946;6967204;670993;5238410;4096030;4390772;2476184;3147836;1543403;6712870;1022116;6430348
JTSkibbles	560642;2903630;530162;5204642;393688;411599;3782125;3303434;2368874;5964175;5451815;5761291;539536;8091886;540142;381185;8738446;1523327;536146;270081;3254972;12784674;7110997;1113925;5855923;1101999;5924488;109628;4831541;808037;3355412;396808;269958;662044;285840;5159573;420089;302348;525371;613489;1876641;828942;2763539;8717908;2057436;1493935;6305860;2306576;904690;369436
junosea	3723433;4433063;3870733;2138808;589332;3395759;1892094;8615512;1704596;6463471;1430413;5373887;1744628;6912172;2347790;2890913;2121336;1668068;6773122;732536;3130037;3210581;13928682;2796749;2505551;2135823;1889694;1752638;1144642;7123282;2560157;8576425;3255161;4693982;2533973;8729386;3681648;922826;7766836;5275091;2192661;4064119;1497430;1492894;1440232;2304905;5793586;2081859;5483942;1581335
BigMe	7956352;11046240;10608267;11196849;11386323;11322111;9357737;11507619;11078946;9653276;10144778;7684219;11478408;10256714;12039147;11652006;7145885;3841261;7433742;8733586;8106163;11824818;12098352;3254972;8292929;9539204;9570653;13808895;9718154;11445807;15684198;10797096;7230829;9588281;11687061;13390167;5489327;7986607;6314905;10812858;10572177;10985403;8091886;7188698;12253551;11657490;11623083;7329124;7753948;11575662
Dreamer_Lune	9570653;12039147;8106163;13279728;11241852;11478408;9908918;11046240;11322111;10812858;13841301;11691279;14588067;11196849;10608267;11078946;16994739;10572177;11687061;13466619;11536776;9108418;16531151;12428580;12098352;7684219;10985403;13808895;10652391;12860565;12597200;14538489;10920276;11722176;10797096;13148322;15675888;15679923;17709014;10633653;13153692;17545268;14778371;10567227;13102035;16465643;12226641;15684198;12964401;11985126
silenceisscreaming	18076109;13414524;8615512;13928682;17007525;16220027;15555630;4433063;2500892;2505551;16595354;2500736;18252614;4285197;6584314;14005197;8880646;11053059;6030703;3341162;17099468;17339582;15164948;2533973;13646856;12898116;1892094;13884924;4086358;5953900;7670734;2495786;18091004;2695790;8546104;16115321;2617208;3551444;16717787;12808824;8141059;20386819;17236700;2756942;3913249;17555528;16396661;1668068;2138808;14741390
Valorez	13841301;15679923;16620194;11478408;11046240;14617211;13403592;15432900;16294604;15698520;13390167;14921562;12597200;14539668;14940956;16048385;9108418;9357737;17064446;15915666;14778371;10939701;16336445;14299749;11848317;16577555;14815385;15835374;13307511;13348200;18259121;14588067;20379328;16113491;16532750;12428580;15146219;13161699;17395565;10913913;12286947;13102809;10572177;17508725;13266954;13021545;9543773;17709014;12098352;12039147
Fireboltcrazed	5021827;3711628;11422344;5754022;8776768;6434347;5144936;10144034;4245780;9303032;3543680;5235068;6407713;6321178;3696803;7662133;4366331;5289413;7200314;1975305;4196274;6712870;6003271;6757828;4846088;5625223;11303298;2150154;6652609;7215742;3855538;5647201;4096030;4470011;8712805;8576572;4709786;7031278;3447959;2026827;3202664;2393156;7213753;5249657;7427053;7230385;7843237;5372261;7703830;5829955
ofermod	1497430;3551444;1889694;2560157;2796749;1759227;845273;3186191;4433063;2500736;2500892;2695790;4208274;1679630;1704596;3395759;3435413;2505551;2495786;1557569;2796119;3341162;1668068;2121336;4111735;2673050;2617208;1568312;3637617;2518694;2082951;2145912;2106210;2702966;1744628;1144642;3913249;4064119;3609741;1671773;3523880;5483942;2079267;1533116;2347790;4285197;6015883;4032415;4651146;5516603
Grypt	2554031;745690;3927994;367831;320112;959515;432738;369803;973903;519459;5355413;962521;254095;247757;604164;345787;715268;4357790;1094829;1195794;1744232;3731440;315766;582199;832903;783425;1185912;438404;230719;5269931;2247486;739213;734852;1955373;2623829;1073283;1040808;3165995;221045;595530;432651;753062;3439379;1794892;2692067;456836;412845;1443139;2725973;950501
thetessie	18076109;16595354;19410106;15555630;13928682;16220027;18252614;20386819;13414524;13646856;19272766;16457597;17007525;14005197;18091004;17945552;13884924;8615512;16717787;17565257;17555528;19887376;6584314;17455376;17265716;16115321;19815688;10993428;17987291;16883775;21774766;18973780;14826038;11053059;17533733;16280078;17099468;16396661;17339582;16513469;18545137;17387363;20184724;20521979;15874530;6829822;19183471;16618814;20438951;17141930
Theodosia21	6579205;520752;870860;1699244;637359;364902;1053487;2477432;1012337;401961;1704596;2568470;1812103;817036;461340;391599;790633;1112438;5329409;1040826;668769;5628790;317878;5227217;6122144;6242446;427806;370346;2680787;3456710;3210581;1253587;463306;433823;414165;465630;520028;1752638;1425172;417073;536146;5413301;4178343;1552562;732536;381185;4128856;462561;532379;431347
frostfalcon	5363684;13997580;5168867;942576;16654747;5150753;18743113;1074060;16670692;18230741;2188188;10920276;13279728;809878;15809307;13361469;16610933;14744303;16748308;17575610;544088;5183057;12039147;13179924;15345015;14358165;16718881;20367991;11681775;14909433;13854522;7944364;2765168;17958281;17357705;16186934;4227792;1398931;2492243;18435287;4142739;8106163;663795;2766566;4624467;20588522;8192134;5143628;14475942;18657016
amateurfan	3551444;3570218;3341162;2500892;2796749;2505551;7874188;8428507;2500736;8576425;11531490;1668068;4433063;1679630;2718296;3509063;3186191;4086358;6030703;5516603;6015883;5953900;8729386;4651146;1889694;7766836;5483942;9651719;2538716;9527897;3913249;11522949;13414524;8546104;8346277;2673050;845273;7123282;7358929;3514748;1892094;8615512;5569438;2560157;2529287;2495786;4480916;18076109;10993428;3480719
Tylune	8106163;5721355;5511617;1609838;9570653;10572177;13841301;10920276;9357737;12597200;11985126;5366507;12912708;11478408;6468889;2508068;12039147;11196849;4799096;7433742;369757;11046240;8091886;5712631;3254972;6314905;606692;3354455;11322111;8975281;11824818;589367;4356632;11507619;411599;8210623;13808895;539219;6335284;13148322;14588067;7956352;544088;14910729;3782125;12057990;1867683;11241852;5159573;603307
MyUsualUsernameWasTaken	15742707;15291315;16523912;15186398;16311455;15885396;17593775;16073411;16660159;15732231;14776418;13343310;15540699;16193540;16620764;15764223;16278626;16863178;18040181;17606027;17680994;16326206;17735579;16742431;16893849;15392868;18363125;14844869;15030773;14114553;15921000;14615322;16975656;14512944;17157551;16287020;18739093;16242179;16801942;17923709;18118562;16116290;16368275;17568062;16595363;12634773;16065365;15397608;17868323;18132074
betroublegirl	1892094;3130037;4433063;2505551;3341162;2500736;8615512;3551444;9651719;1668068;845273;2796749;2495786;6829822;2500892;2383895;2617208;2560157;2617406;7766836;6030703;6015883;2518694;8435119;8880646;3395759;4086358;2153814;3921295;13869012;1533116;589332;4285197;3435413;3210581;1889694;3600837;5483942;5279723;3206177;3331688;18076109;5953900;1679630;2171703;3788446;1581134;4064119;661371;422076
PerplexinglyParadoxialPerson	6461164;13554312;14826038;13414524;17557562;8560012;4470506;7358929;18346889;6463471;18076109;16717787;1892094;12913407;18718996;15874530;12914874;4427987;16290176;8615512;11341023;17601029;17455376;7904347;9527897;2756942;16280078;12523428;8446840;11114742;2796749;16337351;14741390;13582341;13928682;12466712;13646856;6409654;12756408;13869012;12059790;5953900;5373887;16220027;3870733;16536185;15182012;17099468;14005197;9183568
HydrophobicPenguin	1704596;4433063;1892094;3723433;1432078;1752638;1889694;8615512;1867683;4064119;1744628;3341162;5260211;2641775;2262255;3210581;1497430;437007;1439569;2694713;1492894;799237;422076;11742120;3130037;1430413;6803107;5373887;3870733;7550383;6912172;2121336;3395759;1073725;3523880;2138808;2500736;922826;1440232;2638778;1933773;2319629;2192661;6015883;1679630;1581335;3771769;2796749;12823671;2171703
Malyndia	5363684;476291;887344;663795;4624467;10920276;5143628;5183057;5168867;357714;5807488;5150753;13997580;7833925;3120878;5296850;1037081;346736;420398;698460;1038355;6066694;424771;2765168;809878;8044639;1398931;1045554;5143163;9553670;6756136;7468473;3602877;544088;8244553;4146378;2509364;603307;9277346;16654747;2573942;942576;2766566;1017410;6987841;1074060;14358165;11513319;4527336;373529
Dipsan3	11734389;12634773;13753611;13735815;16116290;13006116;15185423;11483073;14371257;15038564;13681833;11672691;15673719;14245083;14742719;11592432;13886259;12014583;12556424;13274073;15872067;13281426;14035851;15231123;13220799;11633874;15130262;13725405;14858997;15201425;16115339;13387482;14112594;15473424;13343310;12607616;14511423;12096393;15952844;17482958;15485148;15259371;13708212;14486631;15104549;16068317;11892897;11987034;14811968;14727545
venilia	1892094;3130037;1704596;3520175;2171703;1583054;1744628;1497430;1871955;2383895;1710950;1803766;3210581;3788446;1797448;1533116;1752638;2040726;422076;4064119;1800088;2439302;2129682;4061911;2118603;485082;589332;3456710;1656575;1533986;1926288;1581134;2641775;2304905;2890913;1551293;6058765;732536;1671773;2262255;1820497;2138808;1253587;1759139;881621;1962816;1727840;2472602;1799623;4806749
geminibrat81	5144936;7230385;3711628;4196274;4247133;4015399;1589105;1012248;4574838;3202664;2150154;2214561;1835587;5238410;1696946;4245780;1587563;1975305;1999119;1005974;6967204;3855538;5289413;2785958;4390772;4848485;5021827;5625223;1849108;6003271;4846088;2853497;1588577;5783935;2828096;859721;3142277;4362416;9303032;6407713;5249657;8712805;2122695;3147836;1303822;5372261;7031278;6169696;2560028;6136962
hypernousnight	15679923;13348200;13841301;14617211;16620194;13390167;14778371;11046240;12597200;11478408;15698520;14539668;9357737;15432900;13403592;11078946;17064446;14921562;11691279;15835374;14588067;13307511;9108418;9570653;17395565;5721355;13102035;14910729;11575662;14396850;11848317;15146219;12428580;12098352;16577555;11687061;18655582;3354455;8844283;9223634;11326290;17709014;6893377;14940956;14815385;12912708;9096289;16294604;13808895;12280746
OnMyWayToTartarus	8091886;7433742;9357737;10628004;3273581;5701948;5489327;7188698;7956352;9108418;5807260;11084952;3354455;9588281;9606773;8106163;7669657;7838281;6490585;8975281;11209425;7004545;3782125;12391692;11657490;10231409;9908918;11478408;7230829;11824818;3841261;9653276;11196849;4984747;8334460;5511617;11386323;7461861;11074404;5721355;6314905;8602987;10389387;8292929;8776168;10673838;5464376;4187415;11079528;5457311
evesmith	5056588;4239123;3792991;4433063;5093456;4349531;3925072;4048561;3210581;732536;3723433;4064119;4815212;1889694;1497430;4591800;3955408;1892094;922826;4803449;1440232;4003363;4064953;4906753;1704596;2347790;3873436;4739030;3788446;3130037;4287534;2121336;1727840;3887044;3928768;5865133;2262255;4936063;4719176;5630305;2890913;4472213;4152333;4440671;2040726;1752638;2732783;2138808;4539438;784688
HelloLittleRed	11483889;11617635;4247133;9686717;9303032;5811289;6764065;4245780;14580282;14202912;10933347;11886384;10551304;20093533;8712805;5829955;4196274;10144034;20955305;7215742;6169696;11899680;12741720;20787974;1589105;17676779;11533779;6347839;18699337;3696803;14726057;4574838;6011794;12932001;15806937;17762339;16728705;17359280;3202664;5235068;4015399;11414076;14898857;11303298;12905889;9253598;6003271;13394973;20661212;14941410
orbitaldiamonds	462561;401961;381185;520752;5024848;532379;525371;3456710;4831541;1752638;4128856;652230;545242;540142;1053487;1704596;520775;536146;1797448;3817609;389598;551094;1781638;863401;408478;427806;399938;485082;693004;450613;1425172;414889;3713422;5413301;433823;5339822;1699244;461340;684731;411599;777173;632488;429749;1304998;289452;581708;1030225;608473;314102;5076952
AlwaysChallenged	934686;5690638;13648776;5309861;4148874;5521523;934035;1431217;4329462;3378323;11757528;3166610;1752638;5823346;404165;928745;1543403;1692041;697711;5352590;6941740;3400505;770748;2658407;469616;3183221;2270004;3525398;463306;5339822;4673108;5597500;2112135;1012337;3857530;7609513;1704596;6799252;3453593;1933428;3259832;1500191;5113310;5275235;5093456;415792;1599293;14683776;3144860;4310286
jeth07	9357737;13390167;13841301;16620194;15679923;11046240;15698520;13403592;11478408;13348200;15432900;8975281;14617211;11848317;3354455;10939701;5457311;8954191;5511617;9108418;14921562;6335284;16294604;8602987;6025813;13161699;8776168;9210035;12057990;14778371;14940956;9215804;13008990;7879774;16032998;5933029;9218126;14539668;8844283;16532750;16113491;9588281;16327544;4356632;15835374;14265624;10543758;7000150;14815385;11326290
chibikei	9303032;5372261;7230385;3696803;5021827;6757828;5754022;4390772;1012248;3711628;11303298;6407713;1975305;8776768;14580282;5235068;11533779;6712870;6967204;6434347;3543680;1696946;4196274;6652609;11422344;670993;4574838;7215742;9686717;12155460;8084014;7031278;6292690;3855538;5249657;10144034;17676779;6914584;5238410;11617635;10551304;7591486;2150154;5144936;2026827;7291726;7427053;4245780;3202664;5713861
Kohumi	13414524;7766836;3341162;7874188;1704596;8428507;8615512;4433063;10581201;5516603;11522949;7670734;1889694;2500892;1744628;589332;8880646;2121336;2796749;1668068;8729386;5483942;5946418;2500736;1581335;11531490;13928682;3551444;10659162;1533986;6015883;15555630;14909475;2106210;4646241;6409654;1497430;11053059;6030703;1144642;7123282;3523880;7216675;5953900;2192661;732536;2533973;3723433;6912172;4064119
Vamps12345	7230829;5933029;3782125;10231409;7188698;9606773;6490585;11124243;12992304;11848317;5511617;9108418;5489327;9357737;6977338;11079528;7433742;3273581;11657490;13403592;5464376;9096289;10389387;8631502;9588281;8975281;10628004;4984747;7956352;11084952;6335284;3254972;8338255;3354455;7329124;14539668;9215804;5639143;4957009;4981879;11209425;12916416;7004545;5089157;5159573;4356632;8091886;9908918;13390167;5721355
Twilight103	9570653;12097137;12039147;11687061;12964401;14515587;18322112;11691279;11078946;11985126;11507619;14602272;12860565;13454583;20143174;11241852;11536776;15621972;11478408;12597200;14776007;13466619;11652006;13808895;14538489;16465643;12098352;16994739;10953375;16953933;11575662;12786018;11196849;10985403;16531151;15684198;17064446;13102035;7986607;10920276;15675888;17965217;8702764;13054680;15146219;17293931;7956352;13279728;10797096;21347236
Evestar44	949597;1452739;562078;606836;848364;563671;1999818;859545;480310;437794;2684276;1718672;934375;581229;494224;1096884;749512;707558;1023980;2185590;1084437;938564;365109;1616636;1033430;604776;870860;1178580;937368;715613;497572;656488;455864;547763;440364;2048325;930057;938527;3177006;397785;730488;847860;542878;1117112;2428184;816914;3635130;839842;2259831;2743259
Marvelouscity	3210581;3130037;732536;1892094;1727840;3520175;4064119;1704596;1889694;2262255;2890913;784688;2319629;3723433;1497430;2304905;589332;1599293;1744628;2439302;3788446;1752638;1533986;2171703;4433063;3341162;1759139;1440232;1820497;1430413;2568470;1533116;4719176;1581335;1979820;1551293;922826;4109620;1759227;3518633;1671773;2138808;1584212;1492894;1800088;2070315;4806749;2379881;1962816;1992792
Katskiforov	14764490;16634945;16771753;15934673;5761291;4221948;16043465;17344631;15795282;16713073;13165461;19077304;12383565;17846375;17278076;109628;19240411;5964175;18055157;19388170;15027899;530162;12608008;10190210;5204642;16103504;18960775;14852309;15062546;411599;16555685;17129273;14761337;13836897;11905683;9693269;17946077;16150172;10549016;16876644;18739210;18627655;16323737;15644772;15568557;14953256;14283357;5478893;7109656;19325908
Ennelym	9570653;12964401;15684198;12039147;10985403;18322112;13466619;16953933;11078946;12097137;13454583;12860565;11241852;11985126;14776007;14903070;14515587;10953375;7684219;17293931;12917295;16531151;11691279;15492474;21347236;16465643;12597200;11687061;16994739;15621972;13381080;13336833;12740580;14025741;11478408;13408638;12786018;13307511;16742746;11575662;10572177;14990903;14538489;16586624;11505306;17965217;12946365;13148322;13630437;14356365
lendaryjack	13390167;15679923;16620194;13841301;14617211;15698520;13403592;16336445;14539668;14921562;11046240;16038008;15432900;16577555;15146219;20379328;9357737;9108418;11478408;14414475;12992304;14815385;11877663;16048385;13021545;15038972;9210035;16152377;16294604;8975281;13348200;17709014;18142304;5721355;14009709;15133562;10939701;14396850;12597200;15915666;16327544;17395565;14778371;14661687;12912708;11848317;16113491;13522404;12919296;12411996
AmeliaGwen	15186398;16863178;17418701;14512944;15732231;15885396;17593775;15742707;15540699;13343310;16660159;18291839;16992453;16742431;17149745;16587740;18074675;15397608;15059984;17654828;18883525;16282148;18194099;17868323;18554461;18115937;14795183;14796072;13955556;18069878;14618430;17777093;16204529;17076755;16368275;17157551;19114834;15681438;18982813;17565155;18069506;18034778;19786747;13814664;19097149;15392868;18442220;20946113;18524413;16311455
belovedplank	530162;662044;411599;16043465;1876641;17344631;5761291;3782125;8717908;4285857;2813867;14283357;7110997;3128093;1436734;3254972;15934673;3575730;1106770;13539849;5444717;8540494;14806464;109628;14764490;1748741;15878700;460800;5204642;1852120;15027899;18842962;5159573;17846375;13165461;16555685;4221948;3261773;2903630;11905683;364739;12608008;304632;8135416;393688;689528;2057436;2368874;811441;4122708
lucifer279	15885396;18291839;17593775;13814664;15059984;15742707;13343310;18074675;16282148;15186398;15764223;15732231;15540699;15277443;15392868;17418701;18115937;14512944;16992453;15397608;16311455;16863178;16660159;15185423;16742431;15406158;19665358;17076755;17565155;17210243;16193540;18554461;18739093;15291315;14795183;18194099;12634773;18034778;18521035;17868323;17149745;16368275;15681438;14618430;18982813;17624495;16523912;15030773;14727545;15758064
duskblue	15673719;18550441;11592432;13886259;18168692;15545421;15872067;18879205;15578055;20291734;17986175;17482958;14742719;20043109;18737161;20520470;14486631;19352809;18635455;19095922;17913584;15437271;18848452;14594346;15485148;11734389;18704602;18842041;14371257;18781330;16576583;19100212;15844737;19419328;20542940;16115339;17749199;21317764;22443829;12634773;14858997;15185423;16992453;18935077;18645100;15104549;21677611;21545521;18369011;15130262
Silver_Lady	14776007;11078946;7684219;12917295;13408638;15684198;14903070;10953375;13466619;12098352;12039147;16465643;12740580;14538489;11241852;11985126;12860565;13467075;12964401;16035110;9570653;13381080;11505306;13102035;10985403;11478408;10797096;17965217;13454583;12725322;13054680;14515587;15523485;11687061;13448442;7986607;12946365;9539204;16586624;15621972;11575098;10799406;16531151;13148322;14356365;13808895;15884355;14047341;11575662;11536488
ghostwriter	357714;476291;7833925;424771;12802656;8044639;13094598;887344;14352744;3260612;346736;9911309;814213;435799;9553670;14812304;15201332;3120878;2556953;2210448;12837867;5296850;790194;2188941;13026732;13026867;5807488;516232;518534;14871353;13473198;15862905;373529;12863154;8145365;16339934;12735828;19310518;420398;3469451;12923163;4275582;5647564;2697560;1155790;423613;213786;406573;8032276;13061922
Gretchen	934375;562078;848364;839842;730488;297329;882176;437794;400235;494224;580804;581229;2821871;1953924;443962;1155554;2743259;855337;542878;437526;749958;1018959;1113562;397785;1117112;2259831;1085378;930057;1096884;1697147;2185590;665432;1244602;2428184;1033430;761335;1178580;1804369;656488;362295;440364;2184258;1012227;286050;480310;968921;1270534;1452739;558575;2505758
WeirdRG	12964401;9570653;5712631;11985126;9539204;13466619;16531151;13808895;10799406;13408638;16035110;11078946;14776007;11575098;12740580;13307511;10608267;12098352;10572177;11575662;5113310;11691279;10920276;13381080;11196849;13153692;7986607;11724210;9681983;13148322;7684219;10389387;10906185;13102035;9317054;11241852;11478408;11046240;15684198;11208141;10953375;10797096;12860565;12597200;13467075;12097137;9374474;10550342;14538489;10985403
miraphora	1892094;4433063;1704596;3341162;4064119;3130037;4806749;3210581;3723433;13414524;589332;8615512;6829822;11053059;1144642;7609960;1497430;13198470;1720817;13554312;13928682;12952425;14772824;6015883;1797448;8729386;1871955;4061911;2040726;1962816;5366336;2641775;2660255;1533986;3788446;1581335;14619369;13713840;3617103;5520335;13869012;7550383;1533116;1752638;5339822;6912172;6329503;3520175;16916457;422076
PinkyRat	11046240;3681648;2081859;1609838;12597200;1752638;5511617;589332;11478408;9357737;13841301;1704596;8975281;4806749;10572177;3456710;12912708;5721355;5159573;3354455;5464376;2763539;11322111;3297599;9436565;6912172;4724297;4527333;2500892;5489327;6335284;3254972;2796749;6893377;9570653;2756942;4433063;5712631;5855923;8091886;8106163;7904347;6468889;6652381;1167543;777173;3723433;7838281;2508068;5279723
LeEvil	8106163;13279728;413198;12039147;589367;415181;10920276;11196849;8192134;544088;2492243;7580002;942576;14744303;603307;9570653;5150753;13808895;11322111;5168867;11241852;12597200;16373507;11046240;414415;7944364;10608267;15345015;2474078;13854522;413357;2766875;10293020;16531151;9357737;809878;5363684;1137607;391425;15986978;13039830;424181;11498361;661091;1981752;13997580;4227792;2188188;11985126;10572177
loveforreading	4788464;8091886;6314905;411599;7188698;3254972;5489327;777173;314168;5855923;434332;3782125;551094;4409729;5464376;7071532;426854;5159573;9837125;4831541;6840778;1043794;540142;369757;388088;6845182;662044;828942;3841261;396808;530162;3817609;381185;539536;6021727;314102;6028375;560642;4187415;2130477;1824385;109628;3731302;8631502;3532880;5791156;5496287;268811;974231;5964175
camille32	12039147;11691279;11575662;9570653;15684198;11687061;12098352;12097137;12860565;11652006;14538489;11078946;14515587;16994739;10985403;11241852;10799406;13466619;12964401;11575098;14103792;13102035;10797096;7684219;14776007;8106163;12740580;16465643;12786018;11046240;12946365;17965217;12597200;11505306;11478408;15348483;13454583;10608267;11985126;10953375;7986607;13336833;15675888;13808895;16531151;11536776;18322112;13841301;15146219;14680122
taakos	5093456;5113310;6256720;3974947;4244211;3857530;4497936;3792481;3935185;4955233;8141192;4252344;4519992;5807488;4119985;3892789;6322309;3915508;4572492;5056588;4349531;373529;4644702;4803449;420398;4591800;4385534;5712631;4056835;4361411;4624467;7254094;5345615;4660350;3872620;4021114;6612703;7833925;14352744;1167543;476291;4158951;4256067;4056706;12987438;11592432;5725873;4034269;4152591;4003888
adevotedreader	560642;3254972;2306576;8091886;5855923;5489327;3782125;393688;442163;7188698;381185;6224899;662044;1493935;808037;2903630;5964175;5159573;904690;6314905;255831;4724297;411599;460800;828942;511160;426854;3841261;13841301;530162;539536;2368874;420089;777173;5451815;7110997;314168;269958;613489;3817609;5721355;2130477;9357737;4805156;5761291;293232;5464376;3355412;4187415;2763539
A_Paula	7684219;14356365;12964401;15684198;9570653;12860565;13408638;13381080;12917295;11241852;13467075;10953375;12097137;11575098;18322112;11985126;13466619;10797096;16531151;9539204;12098352;10608267;13808895;12039147;10312091;10572177;7986607;11687061;10985403;13102035;10812858;10920276;11078946;14776007;16586624;10799406;12725322;14066796;11691279;8913607;11652006;13148322;11724210;11536776;13448442;12226641;16035110;12312570;15523485;13454583
Saphirae	7188698;9096289;9357737;6314905;3254972;5489327;3782125;7004545;8091886;11124243;3354455;9653276;4356632;7230829;12706755;12966087;11657490;8334460;3273581;11848317;5933029;6335284;5511617;12685272;10256714;6028375;11009652;4187415;6425053;8292929;7433742;4724297;5159573;13097571;12460146;11824818;11478408;5464376;13373289;3841261;7838281;3245423;11943465;8631502;13841301;9606773;8121970;7956352;8777137;5639143
Bessyana	9570653;11985126;10920276;10799406;11078946;12964401;9681983;11575098;10608267;13408638;10953375;13808895;12039147;7684219;13466619;5363684;11536776;10572177;11478408;14776007;8106163;10935840;10985403;12740580;11196849;11691279;13454583;12097137;12100446;14588067;606692;14025741;16531151;11575662;13102035;11687061;13279728;12860565;12098352;14750820;12597200;14066796;15523485;14538489;15210578;8210623;7986607;6840799;16035110;11484015
her_silhouette	3254972;560642;511160;3782125;460800;411599;1493935;904690;530162;2306576;304632;5489327;285840;284236;828942;255831;2368874;393688;442163;3841261;1122376;2903630;396808;8091886;5204642;1876641;1852120;539219;6314905;1436734;420089;3245423;5159573;662044;5451815;7110997;465261;336663;3930271;1233235;381185;293232;269958;3355412;485655;4187415;1118322;270081;3192164;227890
MJ1342	15679923;13841301;13403592;13390167;15432900;16620194;14539668;14815385;14921562;11046240;14617211;13348200;9108418;12173088;20379328;7004545;13021545;14661687;9357737;13522404;12114318;16038008;9385511;11877663;9210035;12992304;15835374;14414475;14009709;11428377;12286947;16577555;11478408;8844283;17709014;17395565;12411996;3354455;14778371;12057990;18655582;12912708;15146219;8975281;10543758;16336445;18142304;8098120;12428580;16048385
Acadia	1073832;391599;411599;396808;540142;393688;455766;109628;270081;662044;426854;494224;562078;811441;401626;268811;293232;551094;373181;285840;2368874;434332;381185;3817609;462561;399804;413306;364739;431715;530162;496235;1101999;189559;824001;558575;730488;304632;380087;359331;1852120;401961;549591;315613;855337;302348;441442;289452;464198;328759;399938
mlraven	1704596;3210581;5259485;6579205;784688;5227217;1892094;6242446;532379;732536;1599293;1430413;870860;5093456;4478759;4831541;3915508;4287534;381185;1112438;4178343;520752;317878;1497430;4591800;312527;1253587;391599;4349531;5413301;5329409;1533986;3925072;2304905;790633;1758087;3130037;2680787;4936063;1812103;417073;5339822;2774723;289452;3456710;1053487;1699244;6912172;4806749;3817609
Youfeellokipunk	13343310;17606027;16193540;15185423;15277443;16311455;13814664;16282148;15885396;15397608;15406158;15732231;17593775;18115937;15764223;14512944;18074675;14795183;15186398;16242179;18291839;16863178;16523912;16198202;12634773;15540699;15291315;16116290;15231123;16944327;15030773;16028117;16073411;16065365;15681438;16742431;15898122;16574303;15059984;18194099;16908615;12448572;16660159;17735579;15850722;17976773;15992438;16024268;15130262;15742707
bookfanatic	364902;289452;391599;461340;536146;1699244;870860;637359;520752;462561;441442;545242;401961;414889;370346;389598;417073;562078;427806;404165;668769;1704596;525371;1012337;381185;433823;475359;409520;374019;317878;1112438;533227;493113;414165;324204;491817;399938;312527;6579205;450830;562901;463306;385871;508346;447827;2680787;580634;697711;293232;431347
WesSideStory	3782125;8091886;8631502;3254972;5489327;560642;7838281;4724297;7188698;5159573;4902934;12966087;3841261;7421137;6086413;4187415;5204642;8135416;1493935;6224899;14344197;4122708;4028302;7924915;16771753;8014291;6314905;11905683;11124243;7230829;11054136;4376126;6245863;5464376;5188154;8334460;1852120;16097036;8146930;9685880;2745659;2306576;7503799;431916;10231370;12089076;662044;8245783;6840778;11613429
youshouldreadwhatiread	3925072;5093456;3991546;3792991;5286485;5056588;4048561;3887044;4591800;3915508;4064953;4023823;4287534;411599;4936063;4373909;4349531;4239123;6612703;3806449;4539438;381185;4034269;4003363;5630305;3955408;1609838;4152333;12912708;4472213;4643145;2903630;8091886;391599;5204642;2368874;2584364;4803449;8975281;3836875;12597200;4109266;285840;6314905;6239431;3873436;6295264;3961825;3354455;8068849
AuthorCarnation	13454583;15684198;11078946;12964401;7684219;7986607;12860565;9570653;14515587;16465643;13408638;13102035;12039147;11241852;15621972;13466619;13148322;11322111;16953933;16531151;11687061;11478408;11575662;13808895;14404269;10985403;16586624;15492474;12946365;18322112;11505306;10797096;16742746;10572177;14299578;12097137;12098352;14508813;18270659;14776007;20143174;12597200;14602272;16994739;10953375;17067113;14356365;15369261;17965217;12917295
WolfLion	397785;656488;462561;563671;494224;949597;632488;363578;286050;730488;542878;608473;788091;459636;2184258;647074;562078;855337;580804;711356;617000;853262;1096884;882176;715613;344082;433823;289452;581229;707558;365109;558972;1033430;612289;558593;664996;450613;443962;385432;363949;547763;1099500;504165;625925;480310;439782;969329;423448;13466619;606836
sonysakura	9570653;11196849;11478408;7956352;7684219;11507619;11241852;9539204;11536776;13466619;8210623;381185;10572177;10920276;11687061;7986607;8106163;11985126;10797096;5712631;389598;391599;7433742;10389387;10126763;10608267;9459251;12097137;12964401;11078946;652230;9681983;10544192;9653276;13102035;7861561;828942;10985403;11046240;401961;9357737;9374474;11575662;9681035;7143380;11824818;14830295;11652006;10424208;12039147
dragonndoggod	3341162;4433063;2153814;2500736;3913249;5953900;3551444;2628242;5379599;4651146;4646241;1668068;1892094;6912451;3570218;2082951;5483942;4086358;3331688;3509063;4208274;9651719;845273;2560157;6030703;4170336;1144642;1704596;2505551;5516603;4032415;7670734;3637617;589332;4480916;7358929;3186191;5374703;1679630;4925263;4445123;2707733;8729386;2500892;3681648;4348271;2617208;6829822;3600837;8346277